total = 1619	average = 115.64285714285714
1619 115.64285714285714
total = 1619	avgerage =115.64285714285714